
## 100 seeds
seeds <- c(8710, 6422, 5403, 1074, 2114, 5065, 8086, 4862, 2898, 8941, 
           7328, 5974, 8922, 7589, 1699, 7910, 7761, 8942, 4659, 8816,
           9300, 7719, 8928, 6094, 6857, 3086, 1394, 3497, 1613, 1777,
           8270, 8660, 7928, 2784, 1661, 8146, 7374, 3052, 1891, 1560, 
           2800, 5382, 6262, 5093, 1653, 9808, 5867, 3508, 9801, 2534,
           4817, 7236, 9046, 5950, 6724, 2074, 5409, 5741, 3067, 2866, 
           1618, 5228, 3307, 7845, 4130, 4770, 5720, 1721, 2387, 5442, 
           8119, 2649, 9277, 1114, 8876, 3791, 5149, 4653, 8712, 9848,
           8788, 5027, 2761, 4887, 7317, 6457, 3353, 8482, 9962, 7971,
           1912, 1971, 9426, 1163, 3035, 7683, 6387, 7087, 4704, 2485)


